3600
24
3600

21
891 659 312 332 446 943 822 657 1141 634 789 936 752 631 776 655 519 894 691 1002 988 

1
0
0 0 48600 0 268

158
400
20 0 48600 410 490
25 0 48600 886 507
21 0 48600 738 425
14 0 48600 561 511
28 0 48600 266 470
18 0 48600 654 417
13 0 48600 741 370
15 0 48600 621 494
13 0 48600 83 449
10 0 48600 658 463
22 0 48600 808 580
23 0 48600 0 596
18 0 48600 1999 596
29 1 48600 230 79
13 1 48600 256 66
18 1 48600 1629 19
15 1 48600 1549 281
11 1 48600 305 20
25 1 48600 1542 48
30 1 48600 1418 410
26 1 48600 1945 592
10 1 48600 589 62
23 1 48600 1797 77
13 1 48600 1640 409
11 1 48600 309 10
15 1 48600 361 16
28 1 48600 411 78
13 1 48600 2112 59
27 1 48600 2192 426
26 1 48600 1612 365
26 1 48600 520 95
10 1 48600 188 45
25 1 48600 1557 30
14 1 48600 3502 418
29 1 48600 3288 621
18 1 48600 309 79
24 1 48600 289 40
24 1 48600 783 30
14 1 48600 1153 90
27 1 48600 1635 312
30 1 48600 441 28
15 1 48600 465 55
19 1 48600 488 43
26 1 48600 360 77
22 1 48600 1009 14
18 1 48600 926 260
27 1 48600 1485 406
21 1 48600 1621 8
24 1 48600 1792 580
12 1 48600 117 0
29 1 48600 445 17
17 1 48600 1015 79
26 1 48600 514 90
26 1 48600 1436 27
14 1 48600 1444 404
21 1 48600 529 62
20 1 48600 146 74
14 1 48600 13 79
10 1 48600 302 80
17 1 48600 86 54
26 1 48600 387 42
29 1 48600 501 38
13 1 48600 377 81
25 1 48600 135 31
23 1 48600 1513 32
16 1 48600 3796 383
13 1 48600 3228 621
23 1 48600 1286 152
15 1 48600 1615 67
26 1 48600 1738 491
13 1 48600 1461 76
26 1 48600 1471 365
20 1 48600 1743 4
22 1 48600 2029 424
29 1 48600 2365 80
17 1 48600 2331 394
24 1 48600 428 84
11 1 48600 418 1
21 1 48600 581 81
17 1 48600 1552 43
19 1 48600 476 397
18 1 48600 1545 380
15 1 48600 930 25
23 1 48600 908 82
11 1 48600 2315 63
28 1 48600 2309 636
27 1 48600 363 32
22 1 48600 608 39
22 1 48600 1242 80
29 1 48600 3117 123
23 1 48600 2906 621
21 1 48600 285 10
12 1 48600 459 27
10 1 48600 139 74
13 1 48600 303 48
29 1 48600 973 5
12 1 48600 686 232
21 1 48600 259 369
19 1 48600 920 373
30 1 48600 716 441
15 1 48600 1727 538
15 1 48600 418 56
24 1 48600 1274 27
11 1 48600 2671 168
20 0 48600 334 864
18 0 48600 715 910
14 0 48600 494 720
24 0 48600 713 671
28 0 48600 288 783
22 0 48600 1026 785
28 1 48600 1704 548
15 1 48600 438 72
23 1 48600 360 8
30 1 48600 1275 64
29 1 48600 449 364
13 1 48600 643 401
27 1 48600 1857 416
14 1 48600 239 82
17 1 48600 293 63
10 1 48600 353 9
10 1 48600 170 37
23 1 48600 384 17
13 1 48600 1178 53
27 1 48600 1392 220
10 1 48600 890 393
15 1 48600 1029 154
20 1 48600 1468 414
26 1 48600 533 38
28 1 48600 441 67
18 1 48600 936 18
21 1 48600 1397 145
11 1 48600 581 345
22 1 48600 1352 450
24 1 48600 2304 54
29 1 48600 2535 612
19 1 48600 1295 145
18 1 48600 1157 16
29 1 48600 1049 410
30 1 48600 2089 124
16 1 48600 318 350
12 1 48600 1560 403
17 1 48600 537 73
21 1 48600 396 53
19 1 48600 630 43
14 1 48600 2115 60
28 1 48600 238 416
19 1 48600 166 388
22 1 48600 462 367
11 1 48600 1512 346
20 1 48600 1702 18
13 1 48600 364 345
20 1 48600 414 358
19 1 48600 433 382
30 1 48600 265 378
26 1 48600 413 394
29 1 48600 365 415
27 1 48600 1674 404
0 0 48600 0 268

34
462
13 0 48600 476 287
13 0 48600 437 304
29 0 48600 258 281
20 0 48600 388 311
27 0 48600 550 346
16 0 48600 687 233
25 0 48600 389 348
17 0 48600 282 311
27 0 48600 43 375
16 0 48600 139 375
25 0 48600 417 390
27 0 48600 316 377
19 0 48600 298 395
14 0 48600 217 419
11 0 48600 76 401
24 0 48600 427 393
28 0 48600 163 412
16 0 48600 274 425
17 0 48600 259 409
11 0 48600 588 381
21 0 48600 33 429
22 0 48600 494 428
15 0 48600 427 390
20 0 48600 213 408
22 0 48600 78 406
21 0 48600 121 408
18 0 48600 13 393
18 0 48600 606 392
16 0 48600 414 417
21 0 48600 31 391
14 0 48600 372 392
16 0 48600 472 395
15 0 48600 1570 406
0 0 48600 0 268

66
366
17 0 48600 735 718
27 0 48600 491 640
20 0 48600 621 666
25 0 48600 143 634
17 0 48600 483 653
14 0 48600 831 675
11 0 48600 450 596
12 0 48600 18 659
29 0 48600 484 655
20 0 48600 805 587
29 0 48600 671 667
11 0 48600 735 584
20 0 48600 749 718
12 0 48600 471 634
10 0 48600 658 712
29 0 48600 876 627
28 0 48600 1103 778
12 0 48600 1191 758
13 0 48600 595 558
29 0 48600 1338 465
15 0 48600 410 671
22 0 48600 482 710
19 0 48600 521 655
27 0 48600 895 565
16 0 48600 216 560
23 0 48600 917 530
10 0 48600 870 589
12 0 48600 1190 714
17 0 48600 431 614
14 0 48600 968 508
25 0 48600 527 627
26 0 48600 838 532
13 0 48600 1107 697
17 0 48600 800 581
15 0 48600 592 611
15 0 48600 563 655
12 0 48600 873 507
17 0 48600 633 671
13 0 48600 857 747
25 0 48600 298 705
21 0 48600 769 756
26 1 48600 1480 548
30 1 48600 1317 31
19 1 48600 882 518
26 1 48600 411 354
11 1 48600 877 406
12 1 48600 610 441
25 1 48600 511 372
13 1 48600 1500 309
14 1 48600 1988 772
11 1 48600 551 21
13 1 48600 1796 113
22 1 48600 1722 403
24 1 48600 137 41
14 1 48600 159 18
23 1 48600 407 15
22 1 48600 725 79
30 1 48600 369 92
18 1 48600 398 68
18 1 48600 1583 8
16 1 48600 497 472
29 1 48600 8939 401
13 1 48600 6661 3291
25 1 48600 1684 345
28 1 48600 859 155
0 0 48600 0 268

20
121
18 0 48600 462 413
14 0 48600 227 435
25 0 48600 1010 415
18 0 48600 1142 500
25 0 48600 853 665
24 0 48600 395 657
27 0 48600 922 744
27 0 48600 663 838
15 0 48600 180 728
10 0 48600 692 692
20 0 48600 710 838
25 0 48600 251 687
29 0 48600 164 727
27 0 48600 221 728
13 0 48600 485 716
20 0 48600 452 601
20 0 48600 1435 533
12 1 48600 1524 80
26 1 48600 2218 406
0 0 48600 0 268

7
414
20 0 48600 1182 364
24 0 48600 1680 517
21 0 48600 1802 864
11 0 48600 579 461
10 0 48600 1120 451
20 1 48600 1222 20
0 0 48600 0 268

12
922
19 0 48600 706 679
14 0 48600 1237 644
23 0 48600 1205 595
13 0 48600 173 438
11 0 48600 433 415
12 0 48600 936 423
22 0 48600 892 464
21 0 48600 888 412
24 0 48600 762 485
24 0 48600 872 511
20 0 48600 2635 518
0 0 48600 0 268

8
306
28 0 48600 753 369
20 0 48600 890 500
19 0 48600 898 515
11 0 48600 83 525
28 0 48600 600 546
20 0 48600 1518 584
10 0 48600 3617 778
0 0 48600 0 268

3
1440
12 1 48600 2741 92
12 0 48600 3710 966
0 0 48600 0 268

30
954
26 0 48600 719 503
24 0 48600 919 412
11 0 48600 301 375
15 0 48600 910 416
25 0 48600 1140 283
11 0 48600 590 470
17 0 48600 693 382
21 0 48600 205 283
12 0 48600 855 310
11 1 48600 1141 32
21 1 48600 586 396
24 1 48600 209 379
19 1 48600 427 401
30 1 48600 1148 181
11 1 48600 2181 65
24 0 48600 1289 430
18 0 48600 475 346
12 0 48600 967 427
15 0 48600 682 542
19 0 48600 595 437
20 0 48600 699 552
19 0 48600 363 438
16 0 48600 1322 437
29 1 48600 2409 7
25 0 48600 289 671
19 0 48600 726 672
21 0 48600 729 596
20 0 48600 2173 691
30 1 48600 2479 343
0 0 48600 0 268

3
17
12 0 48600 1083 840
14 0 48600 3091 697
0 0 48600 0 268

10
936
19 0 48600 698 396
20 0 48600 307 400
13 0 48600 186 346
19 0 48600 204 343
27 0 48600 331 346
23 0 48600 421 399
22 0 48600 808 460
30 1 48600 1074 379
13 1 48600 1483 397
0 0 48600 0 268

10
2
25 0 48600 252 264
21 0 48600 1237 262
15 0 48600 13 393
19 0 48600 525 390
23 0 48600 342 415
18 0 48600 582 393
10 0 48600 412 419
18 0 48600 1314 418
26 1 48600 1280 440
0 0 48600 0 268

27
300
20 0 48600 805 371
18 0 48600 1117 410
21 0 48600 168 316
21 0 48600 474 344
21 0 48600 919 392
23 0 48600 526 263
19 0 48600 549 237
11 0 48600 457 357
20 0 48600 600 301
22 0 48600 115 251
17 0 48600 239 302
20 0 48600 518 289
18 0 48600 643 377
11 0 48600 539 371
12 0 48600 431 387
26 0 48600 441 381
11 0 48600 398 425
10 0 48600 1041 393
26 0 48600 1326 395
18 0 48600 386 419
23 0 48600 561 406
24 0 48600 805 391
27 0 48600 899 374
15 0 48600 505 429
10 0 48600 970 398
22 0 48600 2430 384
0 0 48600 0 268

17
519
17 0 48600 642 370
18 0 48600 626 349
21 0 48600 684 281
15 0 48600 773 375
11 0 48600 418 427
28 0 48600 0 419
29 0 48600 349 419
12 0 48600 300 390
18 0 48600 310 424
16 0 48600 389 413
16 0 48600 226 390
26 0 48600 541 393
28 0 48600 518 415
16 0 48600 88 382
11 0 48600 643 395
22 0 48600 2081 390
0 0 48600 0 268

36
155
19 0 48600 334 382
10 0 48600 806 375
17 0 48600 332 263
11 0 48600 191 296
29 0 48600 353 311
22 0 48600 267 391
21 0 48600 288 372
24 0 48600 216 325
24 0 48600 374 350
24 0 48600 221 328
23 0 48600 527 327
22 0 48600 531 289
20 0 48600 241 384
19 0 48600 426 410
19 0 48600 290 372
21 0 48600 318 402
23 0 48600 236 350
11 0 48600 510 347
21 0 48600 496 291
14 0 48600 553 263
24 0 48600 646 251
20 0 48600 274 362
19 0 48600 370 346
24 0 48600 480 394
19 0 48600 120 375
29 1 48600 367 361
30 1 48600 145 406
14 1 48600 498 400
28 1 48600 591 315
30 1 48600 1494 390
26 1 48600 2641 650
22 1 48600 1273 92
21 1 48600 1366 158
24 1 48600 598 92
10 1 48600 1345 43
0 0 48600 0 268

45
6
29 0 48600 0 720
11 0 48600 600 718
20 0 48600 788 655
19 0 48600 333 720
15 0 48600 697 653
25 0 48600 1407 726
25 0 48600 659 415
26 0 48600 509 431
13 0 48600 492 423
15 0 48600 748 491
17 0 48600 417 418
27 0 48600 659 426
25 0 48600 417 297
16 0 48600 828 368
14 1 48600 618 34
12 1 48600 1604 99
21 1 48600 1269 410
30 1 48600 606 78
17 1 48600 250 22
19 1 48600 1838 17
10 1 48600 4312 415
13 0 48600 1096 846
18 0 48600 676 715
11 0 48600 828 633
21 0 48600 991 537
17 0 48600 987 671
15 0 48600 1516 459
15 0 48600 1376 711
10 0 48600 737 420
14 0 48600 394 444
26 0 48600 753 519
27 0 48600 575 497
23 0 48600 397 492
17 0 48600 1179 549
17 0 48600 883 440
19 0 48600 614 546
18 0 48600 796 477
28 0 48600 1320 477
23 0 48600 914 257
18 0 48600 589 509
29 0 48600 904 641
17 0 48600 2591 534
27 1 48600 873 410
15 1 48600 2241 689
0 0 48600 0 268

10
315
18 0 48600 111 380
24 0 48600 525 377
10 0 48600 661 367
23 0 48600 472 309
13 0 48600 193 415
19 0 48600 998 396
25 0 48600 108 382
22 0 48600 739 377
26 0 48600 2290 375
0 0 48600 0 268

84
1041
16 1 48600 1877 557
23 1 48600 387 82
26 1 48600 694 40
30 1 48600 661 141
12 1 48600 1011 55
22 1 48600 864 110
17 1 48600 1172 34
21 1 48600 1657 365
21 1 48600 467 23
24 1 48600 766 87
11 1 48600 372 58
22 1 48600 298 68
21 1 48600 150 36
12 1 48600 718 45
12 1 48600 485 88
28 1 48600 223 79
10 1 48600 535 72
25 1 48600 215 37
18 1 48600 208 70
12 1 48600 246 79
16 1 48600 677 38
11 1 48600 1051 70
18 1 48600 1077 230
25 1 48600 1175 58
21 1 48600 1272 154
20 1 48600 1532 410
30 1 48600 503 34
26 1 48600 978 64
26 1 48600 601 411
26 1 48600 0 429
24 1 48600 460 429
17 1 48600 1464 409
11 1 48600 1613 63
24 1 48600 1618 548
10 1 48600 137 38
21 1 48600 256 9
23 1 48600 221 63
18 1 48600 106 31
22 1 48600 315 26
21 1 48600 1284 43
17 1 48600 1501 365
22 1 48600 642 54
28 1 48600 604 67
28 1 48600 1706 92
16 1 48600 625 181
15 1 48600 1639 62
20 1 48600 1801 351
17 1 48600 315 64
20 1 48600 1437 20
13 1 48600 1480 304
29 1 48600 247 21
17 1 48600 241 39
21 1 48600 312 30
17 1 48600 1530 76
14 1 48600 1676 410
12 1 48600 277 42
14 1 48600 1430 9
29 1 48600 1557 384
28 1 48600 456 65
28 1 48600 381 72
28 1 48600 398 35
22 1 48600 918 43
30 1 48600 1232 174
16 1 48600 172 93
20 1 48600 387 92
26 1 48600 140 31
20 1 48600 1572 9
17 1 48600 1432 535
30 1 48600 390 461
13 1 48600 1848 417
12 1 48600 1574 40
18 1 48600 346 371
15 1 48600 1410 429
21 1 48600 2156 137
17 1 48600 608 377
19 1 48600 319 424
19 1 48600 767 410
13 1 48600 719 374
28 1 48600 1036 391
25 1 48600 703 350
16 1 48600 236 367
19 1 48600 746 382
26 1 48600 1381 370
0 0 48600 0 268

1
0
0 0 48600 0 268

1
0
0 0 48600 0 268

